93,3
93,2
93,1
93,0
92,3
92,2
92,0
90,3
90,0
89,3
89,1
89,0
88,3
88,1
88,0
82,9
82,8
82,7
82,6
82,5
82,4
79,3
79,1
79,0
78,3
78,1
78,0
77,3
77,1
77,0
75,3
75,1
75,0
73,3
73,1
73,0
72,3
72,1
72,0
71,6
71,5
71,4
71,3
71,1
71,0
61,3
61,1
61,0
23,4
23,3
23,1
23,0
21,3
21,1
21,0
19,3
19,1
19,0
16,3
16,1
16,0
15,3
15,1
15,0
12,3
12,1
12,0
11,3
11,1
11,0
9,3
9,1
9,0
6,4
6,3
6,1
6,0
5,3
5,1
5,0
4,3
4,1
4,0
2,5
2,4
2,3
2,2
2,1
2,0
1,3
1,1
1,0
82,1
82,3
0,440
82,0
0,9
0,310
0,305
0,308
0,304
0,303
0,302
0,307
0,12
0,439
0,10
0,8
0,0
0,423
0,300
0,422
0,299
0,441
0,298
0,417
0,297
0,416
0,296
0,438
0,295
0,415
0,294
0,414
0,293
0,413
0,292
0,412
0,291
0,411
0,290
0,437
0,289
0,436
0,288
0,409
0,287
0,408
0,286
0,435
0,285
0,407
0,284
0,406
0,283
0,405
0,282
0,404
0,281
0,403
0,280
0,434
0,279
0,433
0,278
0,402
0,277
0,401
0,276
0,432
0,275
0,400
0,274
0,399
0,273
0,398
0,272
0,397
0,271
0,396
0,270
0,430
0,269
0,431
0,268
0,395
0,267
0,394
0,266
0,429
0,265
0,393
0,264
0,392
0,263
0,391
0,262
0,390
0,261
0,389
0,260
0,428
0,259
0,427
0,258
0,426
0,257
0,388
0,256
0,387
0,255
0,425
0,254
0,372
0,253
0,386
0,252
0,385
0,251
0,371
0,250
0,370
0,249
0,424
0,248
0,421
0,247
0,384
0,246
0,383
0,245
0,420
0,244
0,382
0,242
0,381
0,241
0,369
0,240
0,380
0,239
0,379
0,238
0,419
0,237
0,378
0,236
0,377
0,235
0,376
0,234
0,418
0,233
0,375
0,232
0,368
0,231
0,367
0,230
0,366
